n = [1 ,10, 100, 500, 1000, 2000, 4000, 8000];
y = (1 + (1./n)).^n

y =

    2.0000    2.5937    2.7048    2.7156    2.7169    2.7176    2.7179    2.7181

a=exp(1)

a =

    2.7183

x = [1, 1, 1, 1, 1, 1, 1, 1];
x1=x*a

x1 =

    2.7183    2.7183    2.7183    2.7183    2.7183    2.7183    2.7183    2.7183

b=y-x1

b =

   -0.7183   -0.1245   -0.0135   -0.0027   -0.0014   -0.0007   -0.0003   -0.0002

